PLOT 1 :
TRACE NUMBER :           8               16            32              64              128
TRACE 1 :				2536500			1611360			1127900			915740			892360			
TRACE 2 :				4961020			2782860			1810620			1330100			1043580			
TRACE 3 :				1359520			1234560			1062900			998540			1061360			
TRACE 4 :				1204560			901560			792920			848880			1030420			
TRACE 5 :				10772600		7866320			6594200			6433860			7386000			
TRACE 6 :				8220940			7164900			6500640			6706500			7321600			
TRACE 7 :				63642760		61471540		59629340		57946060		61589020			
TRACE 8 :				40992140		37158140		36207620		40135320		46784200			
PLOT 2 :
TRACE NUMBER :           512             1024          2048            4096             8192
TRACE 1 :				1141280			915740			769480			664900			573420			
TRACE 2 :				1587280			1330100			1184220			1057920			1016440			
TRACE 3 :				1263760			998540			730120			556180			377680			
TRACE 4 :				1149600			848880			581480			447540			361500			
TRACE 5 :				13614080		6433860			5212780			4473920			4046280			
TRACE 6 :				9872940			6706500			6124480			5562900			5402980			
TRACE 7 :				85370640		57946060		37190840		22892080		14802420			
TRACE 8 :				58819680		40135320		18687360		11130400		9805480			
PLOT 3 :
TRACE NUMBER :           1                2                 4             8              16
TRACE 1 :				1030580			915740			882620			855040			847140			
TRACE 2 :				1743240			1330100			1124400			1071860			1069140			
TRACE 3 :				1091940			998540			951640			937920			929960			
TRACE 4 :				926920			848880			751880			735640			714600			
TRACE 5 :				19505720		6433860			5041900			5044060			5039460			
TRACE 6 :				8189160			6706500			6210360			6155800			6153680			
TRACE 7 :				64690880		57946060    	55249260		57053000		57434380			
TRACE 8 :				62442600		40135320    	36516340		36483580		36443420			
PLOT 4 :
TRACE NUMBER :           16384       32768       65536       131072      262144
TRACE 1 :				1194540		1025140		915740		869340		867540		
TRACE 2 :				1487100		1435700		1330100		895500		895300		
TRACE 3 :				1147540		1030340		998540		997340		997340		
TRACE 4 :				978880		900080		848880		840680		840680		
TRACE 5 :				6436660		6433860		6433860		6433860		6433860		
TRACE 6 :				6716700		6706500		6706500		6706500		6706500		
TRACE 7 :				63327260	63143660	57946060	56971860	56910860		
TRACE 8 :				40143320	40135320	40135320	40135320	40135320		
PLOT 5 :
TRACE NUMBER :           1                2                  4              8           16
TRACE 1 :				1190540			970740			926940			915740			914140			
TRACE 2 :				1346900			1196700			1245500			1330100			1346300			
TRACE 3 :				1193340			1012540			1008140			998540			997340			
TRACE 4 :				949480			868680			855080			848880			844080			
TRACE 5 :				6441260			6437060			6433860			6433860			6433860			
TRACE 6 :				6718700			6707100			6706500			6706500			6706500			
TRACE 7 :				58480660		57596860		57641860		57946060		58453860			
TRACE 8 :				40142520		40135320		40135320		40135320		40135320			
